# Date  2016-06-14
# Number of columns =  328
# Number of rows    =  17282
# RMS force error =  15.715090613
# max variable =  2082.72684539
npair 3
3b_cheby false
pair_type spline
 0.75000  6.00000  0.10000 108
 0.75000  6.00000  0.10000 108
 0.75000  6.00000  0.10000 108
coulomb true
fit_coulomb true
overcoord true
nover 5
  7.5000000000000e+01
  9.6000387075695e-01
 -2.5881042987450e-01
  3.8995379237250e+00
 -8.9000000000000e+00
fit_pover true
least squares parameters
0 -8.98215493316e-12
1 1.21264143254e-11
2 -5.68782321205e-12
3 9.06903452256e-11
4 -5.31506482891e-11
5 6.04656965684e-11
6 -9.00726609636e-12
7 1.2932949796e-11
8 4.35796451871e-12
9 1.46227639787e-11
10 -4.10066069956e-11
11 -5.75067775802e-11
12 1.21602110309e-12
13 2.26523018513e-11
14 -2.50303025448e-11
15 -7.97682854017e-13
16 6.69353594496e-12
17 -1.40894539534e-11
18 -4.1258296806e-12
19 -5.77724129339e-11
20 -5.17248830603e-11
21 2.9843023614e-11
22 2.7856126605e-11
23 1.01085728862e-11
24 -39.3196968214
25 -1.25703399988
26 -148.864532144
27 35.3316532921
28 -133.481148095
29 -262.307984363
30 -106.633732281
31 827.965182684
32 -74.3453662136
33 323.011294116
34 -54.0630266834
35 140.494297555
36 -42.1200149735
37 52.1588578765
38 -30.8287553298
39 27.6883722859
40 -26.0429719096
41 62.6084702014
42 -20.7139287549
43 4.08798319035
44 -17.771314878
45 25.2198636336
46 -15.3192066481
47 66.757883578
48 -14.2758667137
49 -4.62555425346
50 -12.4588653839
51 -39.7365082714
52 -10.3407182673
53 -72.7209659645
54 -10.3905974788
55 14.5580847913
56 -10.4273300974
57 -51.932134853
58 -9.04655140702
59 -38.4044840069
60 -7.00389519755
61 17.2488324384
62 -7.23094230704
63 31.2125100195
64 -7.40349200315
65 -44.4187726747
66 -5.41385788495
67 -1.56640931412
68 -6.49543772239
69 128.562430228
70 -6.28713427292
71 41.556353117
72 -3.93251979534
73 55.1283341737
74 -4.34846646962
75 -14.0909759686
76 -3.00223537106
77 -79.3064363577
78 -2.21341188808
79 46.3219307675
80 -3.20381169291
81 23.3175036411
82 -2.03900392816
83 63.0091512664
84 -1.11329233422
85 11.7384426873
86 -1.76031998862
87 49.141056536
88 -1.32439789738
89 -17.3897251437
90 0.0200120397541
91 30.4665819348
92 -1.08026931682
93 33.4101665215
94 0.625460226274
95 59.0947006494
96 -1.01250380273
97 21.5923229415
98 -0.728242224846
99 -8.56996208544
100 -0.0906314318168
101 -0.615650583152
102 -0.652511355949
103 30.6102365811
104 -0.0821278669597
105 2.02186409186
106 -0.648831402963
107 1.46774201984
108 -440.521492813
109 -15.8975800396
110 -148.972512409
111 2082.72684539
112 17.9285722292
113 1106.9903025
114 94.8172190838
115 439.466203305
116 117.891633358
117 11.7735259901
118 95.892929706
119 -417.963046394
120 72.8773368331
121 -242.571649416
122 56.5958273342
123 -170.345461817
124 45.4665390479
125 -122.532805113
126 38.859269286
127 -47.3041710288
128 30.8681346946
129 72.9626148548
130 26.2632680855
131 51.3264713785
132 23.0139133085
133 -24.9865173299
134 20.6866653128
135 -25.4037936686
136 18.3048720668
137 41.3174284051
138 15.1957785738
139 61.0623382304
140 13.4085111085
141 6.79234291372
142 12.0823762904
143 0.950375640907
144 11.1436879127
145 27.6552117244
146 11.031290611
147 62.135654905
148 9.13593353211
149 36.5269274741
150 8.97339663484
151 -28.4973732728
152 8.73370168201
153 -25.9838576803
154 8.08303971345
155 -27.7900129697
156 8.03895267544
157 -35.3788461687
158 7.67843320472
159 -4.02949444354
160 7.25257198732
161 -9.26099080432
162 6.51161447517
163 -49.1228141785
164 6.69110239585
165 -24.1490892722
166 6.23002219605
167 -19.1688025296
168 4.90605810199
169 -10.8184281862
170 5.00769184421
171 -39.8642640429
172 4.22641200387
173 -15.5328523568
174 4.00600039122
175 1.21942148539
176 3.45634037684
177 0.276640498573
178 2.88575260751
179 -5.79282088841
180 2.85959301744
181 -8.93631536906
182 2.2181197537
183 12.2492517553
184 1.94306656823
185 -14.0815179181
186 1.68438572049
187 -37.4563055168
188 1.25257055106
189 -16.7691439081
190 1.71313040207
191 -6.30190016344
192 1.25551486071
193 16.8338601616
194 0.903509416458
195 -4.04872589552
196 1.21842849883
197 10.3992765141
198 0.617871147111
199 8.20737981506
200 0.952419392301
201 -3.13099747275
202 0.452038000647
203 13.6556967804
204 0.572081301609
205 16.3115413594
206 0.487498280913
207 17.6382554703
208 0.38203027604
209 2.58177950676
210 0.115198734206
211 -7.45822001945
212 -0.0130781596714
213 -30.1126953926
214 1.72762719036
215 0.676785957507
216 1.17236525478e-13
217 -1.35308626584e-13
218 -8.60053434418e-13
219 7.59860548726e-13
220 -8.07283121504e-13
221 -3.61794556952e-13
222 -136.656379565
223 5.20802536059
224 -58.9867531385
225 -50.9716122504
226 -68.4922785494
227 281.91126336
228 -45.5363969871
229 83.4491787173
230 -30.9880990367
231 221.201549443
232 -22.2886846202
233 134.676584181
234 -15.3988807891
235 19.7747795119
236 -16.0520554356
237 7.17170097492
238 -15.0671755943
239 -172.726145414
240 -13.9559526889
241 -39.5504189948
242 -13.2659191592
243 -4.08318129056
244 -11.8563303855
245 -6.18958551525
246 -10.9195759975
247 40.3071444493
248 -9.39697292847
249 30.7538202425
250 -9.32289562011
251 41.091243949
252 -7.98253169908
253 19.4243932663
254 -7.16391301545
255 25.8161052455
256 -7.20325043136
257 31.0477667574
258 -6.16832675974
259 40.1077675817
260 -5.82027730065
261 9.68782402337
262 -4.95044158089
263 24.1625418721
264 -4.79491454301
265 21.8705654778
266 -4.60016476407
267 -18.1060541259
268 -3.93396128768
269 -0.404182855257
270 -3.01830806684
271 -12.9096633565
272 -2.93356631174
273 -13.2945847153
274 -2.87705874473
275 -4.14688376846
276 -2.49731597577
277 -20.0345983621
278 -2.01347163715
279 11.5019908072
280 -2.31118865701
281 19.6397723999
282 -2.23354237983
283 18.430923632
284 -2.05842855817
285 -11.68190522
286 -1.45731403366
287 -6.3872103188
288 -1.60138724514
289 -8.48850706393
290 -1.45446162587
291 -2.87192602568
292 -1.33156311074
293 3.38729213229
294 -1.25600076742
295 5.18736498924
296 -1.301173897
297 -4.25301022109
298 -1.11876042594
299 -8.94739276549
300 -0.810063815785
301 -12.8234995304
302 -0.843497655003
303 14.8552101478
304 -0.411038610771
305 17.5275401281
306 -0.748690920434
307 10.5766497173
308 -0.482759399011
309 -0.185970400116
310 -0.27125914054
311 17.4754229579
312 -0.429469601223
313 7.17846473316
314 -0.455150131647
315 3.36707088748
316 -0.136491312583
317 1.49747342157
318 -0.0329540270133
319 5.27263086938
320 0.063886103209
321 8.85547145559
322 -1.14572659204
323 -4.36363944484
324 -70.5411756703
325 35.2705836714
326 -17.6352918509
327 24.5791726275
