! Date  2016-09-07
!
! Number of columns =  12
! Number of rows    =  15360
! RMS force error =  40.7264000229 (2body only) --> 32.9979765696 (3body added)
! max variable =  358.53331099
!
 
USECOUL: false
FITCOUL: false
USEPOVR: false
FITPOVR: false
USE3BCH: true

PAIRTYP: CHEBYSHEV  22 5 -1 0

ATOM TYPES: 1

# TYPEIDX #	# ATM_TYP #	# ATMCHRG #	# ATMMASS #
0		C		0		12.011

ATOM PAIRS: 1

!# PAIRIDX #	# ATM_TY1 #	# ATM_TY1 #	# S_MINIM #	# S_MAXIM #	# S_DELTA #	# CHBDIST #	# MORSE_LAMBDA #
	0               C               C               0.0               3.15            0.005             MORSE           1.25            

SPECIAL 3B S_MINIM: SPECIFIC 1
0 CCCCCC CC CC CC 1.0 1.0 1.0

FCUT TYPE: SIGMOID 100 0.1

ATOM PAIR TRIPLETS: 1

PAIR CHEBYSHEV PARAMS 

PAIRTYPE PARAMS: 0 C C

0	6329986943.1835375
1	21351924592.182072
2	35562398406.567459
3	39554101697.763695
4	29290079965.5158
5	7911549617.9205971
6	-16569413308.130377
7	-35777917373.311401
8	-44816265342.493622
9	-43552281454.944633
10	-35355774102.164986
11	-24667275765.127155
12	-14961139140.986309
13	-7909138722.9587831
14	-3631557916.4952531
15	-1435197604.5116308
16	-480680653.95231396
17	-133157432.06101276
18	-29360755.043213103
19	-4832158.8922458095
20	-525356.4303531613
21	-27834.453931443204
 
TRIPLET CHEBYSHEV PARAMS 

TRIPLETTYPE PARAMS: 0 CC CC CC: UNIQUE: 30 TOTAL: 112

     index  |  powers  |  equiv index  |  param index  |       parameter       
   ----------------------------------------------------------------------------
      0       0   1   1         0               0        -109.11773748943544
      1       0   1   2         1               1        -11.76595086604328
      2       0   1   3         2               2        196.93780278274588
      3       0   1   4         3               3        183.60339185465244
      4       0   2   1         1               1        -11.76595086604328
      5       0   2   2         5               4        259.07303855372157
      6       0   2   3         6               5        419.14091799154454
      7       0   2   4         7               6        190.87527496340294
      8       0   3   1         2               2        196.93780278274588
      9       0   3   2         6               5        419.14091799154454
      10      0   3   3         10              7        230.18891888772313
      11      0   3   4         11              8        -86.164573532750808
      12      0   4   1         3               3        183.60339185465244
      13      0   4   2         7               6        190.87527496340294
      14      0   4   3         11              8        -86.164573532750808
      15      0   4   4         15              9        -220.7315357700368
      16      1   0   1         0               0        -109.11773748943544
      17      1   0   2         1               1        -11.76595086604328
      18      1   0   3         2               2        196.93780278274588
      19      1   0   4         3               3        183.60339185465244
      20      1   1   0         0               0        -109.11773748943544
      21      1   1   1         21              10       -605.66517173467162
      22      1   1   2         22              11       -289.23173842371932
      23      1   1   3         23              12       487.33980829179274
      24      1   1   4         24              13       561.1302162042407
      25      1   2   0         1               1        -11.76595086604328
      26      1   2   1         22              11       -289.23173842371932
      27      1   2   2         27              14       36.155643174082385
      28      1   2   3         28              15       534.03250260587095
      29      1   2   4         29              16       363.74104235728009
      30      1   3   0         2               2        196.93780278274588
      31      1   3   1         23              12       487.33980829179274
      32      1   3   2         28              15       534.03250260587095
      33      1   3   3         33              17       188.14292425420251
      34      1   3   4         34              18       -199.05083490335565
      35      1   4   0         3               3        183.60339185465244
      36      1   4   1         24              13       561.1302162042407
      37      1   4   2         29              16       363.74104235728009
      38      1   4   3         34              18       -199.05083490335565
      39      1   4   4         39              19       -402.66122071190057
      40      2   0   1         1               1        -11.76595086604328
      41      2   0   2         5               4        259.07303855372157
      42      2   0   3         6               5        419.14091799154454
      43      2   0   4         7               6        190.87527496340294
      44      2   1   0         1               1        -11.76595086604328
      45      2   1   1         22              11       -289.23173842371932
      46      2   1   2         27              14       36.155643174082385
      47      2   1   3         28              15       534.03250260587095
      48      2   1   4         29              16       363.74104235728009
      49      2   2   0         5               4        259.07303855372157
      50      2   2   1         27              14       36.155643174082385
      51      2   2   2         51              20       -249.86210538350298
      52      2   2   3         52              21       -54.816869610157994
      53      2   2   4         53              22       11.489959740094804
      54      2   3   0         6               5        419.14091799154454
      55      2   3   1         28              15       534.03250260587095
      56      2   3   2         52              21       -54.816869610157994
      57      2   3   3         57              23       -390.78962156683775
      58      2   3   4         58              24       -353.90649712107665
      59      2   4   0         7               6        190.87527496340294
      60      2   4   1         29              16       363.74104235728009
      61      2   4   2         53              22       11.489959740094804
      62      2   4   3         58              24       -353.90649712107665
      63      2   4   4         63              25       -342.8833487842553
      64      3   0   1         2               2        196.93780278274588
      65      3   0   2         6               5        419.14091799154454
      66      3   0   3         10              7        230.18891888772313
      67      3   0   4         11              8        -86.164573532750808
      68      3   1   0         2               2        196.93780278274588
      69      3   1   1         23              12       487.33980829179274
      70      3   1   2         28              15       534.03250260587095
      71      3   1   3         33              17       188.14292425420251
      72      3   1   4         34              18       -199.05083490335565
      73      3   2   0         6               5        419.14091799154454
      74      3   2   1         28              15       534.03250260587095
      75      3   2   2         52              21       -54.816869610157994
      76      3   2   3         57              23       -390.78962156683775
      77      3   2   4         58              24       -353.90649712107665
      78      3   3   0         10              7        230.18891888772313
      79      3   3   1         33              17       188.14292425420251
      80      3   3   2         57              23       -390.78962156683775
      81      3   3   3         81              26       -601.64834933423219
      82      3   3   4         82              27       -386.75477432394945
      83      3   4   0         11              8        -86.164573532750808
      84      3   4   1         34              18       -199.05083490335565
      85      3   4   2         58              24       -353.90649712107665
      86      3   4   3         82              27       -386.75477432394945
      87      3   4   4         87              28       -229.63844349065744
      88      4   0   1         3               3        183.60339185465244
      89      4   0   2         7               6        190.87527496340294
      90      4   0   3         11              8        -86.164573532750808
      91      4   0   4         15              9        -220.7315357700368
      92      4   1   0         3               3        183.60339185465244
      93      4   1   1         24              13       561.1302162042407
      94      4   1   2         29              16       363.74104235728009
      95      4   1   3         34              18       -199.05083490335565
      96      4   1   4         39              19       -402.66122071190057
      97      4   2   0         7               6        190.87527496340294
      98      4   2   1         29              16       363.74104235728009
      99      4   2   2         53              22       11.489959740094804
      100     4   2   3         58              24       -353.90649712107665
      101     4   2   4         63              25       -342.8833487842553
      102     4   3   0         11              8        -86.164573532750808
      103     4   3   1         34              18       -199.05083490335565
      104     4   3   2         58              24       -353.90649712107665
      105     4   3   3         82              27       -386.75477432394945
      106     4   3   4         87              28       -229.63844349065744
      107     4   4   0         15              9        -220.7315357700368
      108     4   4   1         39              19       -402.66122071190057
      109     4   4   2         63              25       -342.8833487842553
      110     4   4   3         87              28       -229.63844349065744
      111     4   4   4         111             29       -99.983636008572589


PAIRMAPS: 1
0 CC

TRIPMAPS: 1
0 CCCCCC

ENDFILE
