# Date  2015-04-02
# Number of columns =  328
# Number of rows    =  14114
# RMS force error =  13.6669607318
# max variable =  2698.49390487
0.75
6
0.1
5
50
1.0165
-0.0657
5.0451
-3.6141
0 1.6981829868e-08
1 -1.42879014841e-07
2 7.63393308524e-07
3 -8.97877883587e-07
4 -1.7630874427e-07
5 -4.33543333856e-07
6 2.60989390509e-07
7 -3.49731029645e-07
8 3.03591698398e-07
9 -3.44056972121e-07
10 4.73945291504e-07
11 -6.5950958715e-07
12 1.71022215272e-08
13 7.69116408456e-07
14 1.11414326215e-07
15 4.05132401152e-07
16 4.58801227497e-07
17 9.7317674141e-08
18 2.74362523636e-07
19 -9.39999916951e-07
20 1.066972577e-07
21 2.61187357601e-07
22 1.52683669453e-07
23 3.70669172997e-07
24 -55455.8013015
25 -1772.89328457
26 1423.11370732
27 -59233.9366424
28 -42.5973278697
29 -1964.93203941
30 -62.535165206
31 382.964237958
32 -44.0488560685
33 187.169718809
34 -32.7050158816
35 149.802815311
36 -23.0091560508
37 110.03419275
38 -15.7763149245
39 17.9038212266
40 -11.4840974681
41 45.1710599956
42 -7.78585272757
43 -51.4493036343
44 -5.77303019457
45 -39.9545041546
46 -4.12688476187
47 16.6189715243
48 -3.51427637114
49 -2.56282931886
50 -3.3131128659
51 16.1453902364
52 -2.60342158733
53 -26.6510982964
54 -2.6816493011
55 2.07613682594
56 -3.49013611125
57 -47.6696532639
58 -2.84199611829
59 -33.4585819346
60 -1.11131024361
61 6.59393251046
62 -2.58226606886
63 66.3289540682
64 -3.23370912776
65 -28.2744892327
66 -2.02851304259
67 -26.6980404277
68 -3.35502945331
69 82.1276768381
70 -3.53891344948
71 18.0661114458
72 -1.33537994237
73 3.5474004936
74 -1.63358880106
75 -53.0568403788
76 -0.711837221511
77 -106.799224906
78 -0.0522621385934
79 -28.6525852349
80 -1.24449099272
81 -9.6477358143
82 -0.724309719846
83 32.4004926036
84 -0.121184411909
85 14.261670856
86 -0.536834690905
87 63.5774297662
88 -0.308552005087
89 0.159136712841
90 0.289366411199
91 -8.22397552104
92 -0.250044043878
93 35.3522654064
94 0.931930318942
95 12.1388013444
96 -0.777979068484
97 -14.2975301404
98 -0.207555665443
99 -28.0010249095
100 0.42141195699
101 9.40585879513
102 -0.481202738302
103 38.297368332
104 -0.950789741978
105 -37.3217531581
106 -73.9154734712
107 -2973.45303329
108 -119.861791098
109 -13061.1909014
110 -232.429461353
111 2461.95233813
112 -45.0075813385
113 1324.14800114
114 47.9209858097
115 636.453676937
116 83.4487966078
117 293.108651114
118 70.3933328671
119 -49.4117764337
120 54.2908005269
121 104.196356689
122 47.176882103
123 -56.3635178906
124 44.8798348701
125 -72.0200848654
126 43.8095833406
127 -35.2389500954
128 37.234445637
129 10.0541207802
130 31.4851235665
131 -19.6060577187
132 25.1538453245
133 -103.811382417
134 18.4611117857
135 -129.622443633
136 13.1869098738
137 -37.7288511578
138 7.93826898185
139 6.74146548016
140 4.46412960856
141 -41.7306662671
142 2.98710436738
143 -32.868814072
144 2.15426054682
145 20.2065751775
146 2.32093410062
147 58.1491813935
148 1.29518060552
149 48.3424344853
150 1.82330843005
151 -4.38785089637
152 2.10794747871
153 5.30572067612
154 2.0384331407
155 -14.6717928626
156 2.70884634317
157 -0.987308351474
158 2.60513241608
159 14.2591593239
160 2.77011302523
161 -1.03457500673
162 2.91440418059
163 -33.7964949488
164 2.84883387493
165 8.73246059918
166 2.49266203094
167 -34.3335025489
168 1.9266978438
169 -9.50718086444
170 2.10498708974
171 -31.7296658393
172 1.73099823052
173 4.0337342095
174 1.66515620892
175 13.1896265783
176 1.29355563778
177 15.3451724544
178 0.779333817411
179 4.60398225437
180 1.02607842812
181 1.99693655373
182 0.734027355609
183 15.2642373336
184 0.559059189601
185 -1.21961430806
186 0.467288439718
187 -32.7277762417
188 0.403398145755
189 -13.2122852502
190 0.648210989742
191 -2.63539781809
192 0.423535643069
193 5.66127871299
194 0.227393742487
195 -17.6757185752
196 0.358379296902
197 -11.8110205001
198 0.251432619596
199 -0.815010243133
200 0.285624452619
201 3.16192006035
202 -0.0309731125407
203 3.70003964554
204 0.195463163611
205 9.70133470954
206 0.170905692635
207 22.0868943868
208 0.0681684141153
209 15.7249544873
210 -0.192737925826
211 7.28680782467
212 -0.284532562586
213 -9.13117877022
214 1.04322979805
215 12.6542163585
216 4.46992132255e-09
217 -8.82743842106e-10
218 -1.01045469922e-09
219 -1.2699710567e-09
220 4.93339234533e-09
221 -3.11502911677e-09
222 -175.287130709
223 2698.49390487
224 -27.0469871685
225 -1080.39776555
226 -44.4516227912
227 45.1337532556
228 -27.4785702317
229 62.3829119276
230 -14.5005166253
231 193.858712731
232 -7.81837357714
233 142.839389976
234 -3.28309109681
235 12.459204812
236 -4.95130942601
237 0.729901991428
238 -6.39851897161
239 -83.1047138613
240 -4.73511393589
241 -23.5243323424
242 -5.26210502768
243 16.9922068934
244 -4.70115956762
245 7.32161209049
246 -3.55845328708
247 22.7446630187
248 -2.85334172571
249 3.3768947904
250 -3.53155180155
251 16.0519354379
252 -2.41151488071
253 -0.0945846169418
254 -2.0100043242
255 11.8425718152
256 -3.03624112458
257 21.2404802944
258 -1.84630468129
259 6.8996696336
260 -2.0405561499
261 -15.4945086194
262 -1.67870524754
263 11.0492904414
264 -1.47603485509
265 28.7791552949
266 -2.0059115426
267 -14.374519188
268 -1.39411463334
269 -6.66228345108
270 -0.784904838827
271 -8.40310954025
272 -1.06704573456
273 -17.7971413341
274 -0.831943224109
275 -0.450389980343
276 -0.833674046696
277 -21.509810511
278 -0.559467506614
279 -10.6268147459
280 -0.748242391419
281 4.25579499241
282 -0.925229950204
283 8.53531458085
284 -0.794493496452
285 -15.589598924
286 -0.588906003381
287 -10.4063737861
288 -0.524006741956
289 -9.33653809985
290 -0.513806368274
291 -10.6247292627
292 -0.316575883678
293 -0.032251872957
294 -0.575101757846
295 12.3754501965
296 -0.795120885204
297 -5.29451281234
298 -0.552303844355
299 -10.1080146431
300 -0.497610224781
301 -18.992833038
302 -0.104856281927
303 11.9559390506
304 -0.184533425041
305 15.3165008211
306 -0.403481503596
307 11.8968891455
308 -0.225030245219
309 0.624750765785
310 -0.0554820641108
311 18.717193391
312 -0.169079541471
313 9.51400874988
314 -0.324375751334
315 15.5827889947
316 -0.153020493928
317 8.01196603286
318 0.127225420265
319 -2.27607627614
320 0.0717873902271
321 1.28436990652
322 1.1156728701
323 58.2211862934
324 52.4004750322
325 -26.2002389174
326 13.1001191696
327 25.7317801189
