# Date  2016-06-14
# Number of columns =  340
# Number of rows    =  14114
# RMS force error =  13.6971436329
# max variable =  1701.0263189
npair 3
3b_cheby false
pair_type spline
 0.60000  6.00000  0.10000 112
 0.60000  6.00000  0.10000 112
 0.60000  6.00000  0.10000 112
coulomb true
fit_coulomb true
overcoord true
nover 5
  5.0000000000000e+01
  1.0165000000000e+00
 -6.5700000000000e-02
  5.0451000000000e+00
 -3.6141000000000e+00
fit_pover true
least squares parameters
0 6.39742339952e-12
1 2.12553387466e-11
2 -5.75112765685e-11
3 -1.61198453036e-10
4 3.92960845182e-11
5 5.03675757595e-12
6 3.72112032478e-11
7 1.88197973154e-11
8 3.03331706822e-11
9 -4.49759449064e-12
10 1.69088810624e-11
11 5.53496218776e-12
12 -3.86465993396e-11
13 -5.43848562003e-13
14 -1.4568366429e-11
15 -9.50680013134e-12
16 -1.08376441786e-11
17 -3.27198064248e-11
18 -1.64913049684e-11
19 -8.48190140032e-12
20 -2.49870860379e-11
21 -3.19692450486e-11
22 -2.83811054407e-11
23 8.24417830911e-12
24 -1.05344580223e-11
25 5.89275507448e-12
26 1.93891744079e-11
27 -6.28434343307e-12
28 -96.6130663368
29 -2.10622761858
30 -59.4013251192
31 56.379369207
32 -78.136571159
33 -268.545578095
34 -51.7271881947
35 -22.5916888954
36 -39.8670053474
37 42.8109812738
38 -29.2598313554
39 62.2207981465
40 -20.0020491093
41 87.547685216
42 -15.6195497117
43 59.7187748691
44 -9.96720336947
45 68.7585845543
46 -8.08632021054
47 86.1510669832
48 -6.87668062928
49 54.210221184
50 -4.71973984156
51 13.7375243948
52 -4.66465875117
53 0.0974390410078
54 -3.34509712222
55 16.737859967
56 -3.87917769206
57 -2.22783701932
58 -3.21612243271
59 -10.0099915885
60 -3.93384591837
61 37.8404375564
62 -3.03321221516
63 37.0780821153
64 -3.02597140462
65 -65.6448314096
66 -2.2034061703
67 -23.5963112004
68 -3.0753325033
69 51.0834849209
70 -4.58991733412
71 -54.7002312016
72 -3.00935899785
73 -55.2507087527
74 -2.56301243767
75 23.7504601575
76 -1.01813711174
77 12.4946945139
78 -0.683389513234
79 96.397805004
80 -1.66922402063
81 82.1022427894
82 -1.09818182183
83 -4.47321126714
84 -1.68619275969
85 2.83640162746
86 -0.256025212753
87 -4.29421356376
88 -1.23136331738
89 -41.447083877
90 0.31627093137
91 -24.1256707009
92 -0.0353061928016
93 11.9809596865
94 -0.628449780034
95 -32.9176914421
96 0.638067271692
97 -2.86194324545
98 0.322901458935
99 -41.8902564064
100 -0.274229763893
101 25.1294978668
102 -0.466248700861
103 21.4961101242
104 -0.474305880981
105 -40.8964470946
106 0.0301280503537
107 -23.8625577532
108 1.48902305362
109 59.5604217005
110 3.97122899319e-11
111 -7.56466101512e-12
112 -1.10004309313e-11
113 5.83204074806e-12
114 -5.84158987036e-12
115 1.53818672557e-11
116 -298.92771769
117 -76.0317341571
118 -114.088083375
119 1701.0263189
120 17.1859746377
121 855.388215937
122 75.8087408196
123 251.910622488
124 86.2336710047
125 -328.376912955
126 64.0933534102
127 -275.271987976
128 56.1117520587
129 -121.896479145
130 49.2231405827
131 29.2451901811
132 46.6785132951
133 40.0169814285
134 42.309403272
135 -101.259818273
136 36.8021703162
137 -113.874536813
138 31.4212601752
139 -79.3252225768
140 23.9080306809
141 -23.8043815707
142 16.1154824088
143 -25.2906925421
144 11.2777441626
145 -91.4902346361
146 8.08831022339
147 -55.8708259864
148 4.71448526919
149 7.70692292465
150 2.88999678575
151 -3.76975928973
152 2.55561272095
153 -32.128796693
154 2.7209143878
155 -79.0424341951
156 3.01760962755
157 -16.8631791479
158 2.46282417345
159 3.1115540347
160 2.91327849125
161 0.69598195867
162 2.69546249794
163 16.104112303
164 2.97170279966
165 -13.8252729879
166 3.30434203426
167 -9.66626164883
168 3.71266053591
169 13.9573478074
170 2.72190201567
171 8.51767425813
172 3.62316667779
173 6.95600099136
174 2.19159553072
175 16.3936146891
176 2.57465456399
177 27.4532905023
178 1.73268452476
179 13.3227785887
180 1.84009314265
181 1.15103168027
182 1.63021489162
183 -10.9239470987
184 1.32839441211
185 -17.0241622371
186 1.08615893063
187 -2.29227694421
188 0.893549573378
189 -16.6640159979
190 1.01022586099
191 -10.243083797
192 1.0608597022
193 16.6637927671
194 0.26911950188
195 22.5827593884
196 0.469285430857
197 12.4760882375
198 0.528575531836
199 -7.9855748774
200 0.740522044572
201 2.91578662201
202 0.307569453836
203 17.1476465944
204 0.218743461609
205 6.68282654112
206 0.284985389822
207 5.46372575833
208 0.148186357035
209 -5.39745234812
210 0.0613339102033
211 -0.834781425311
212 0.0384335847071
213 -14.8674546851
214 0.206062780324
215 -20.5745752553
216 0.0923007249267
217 -17.3060691053
218 0.0184731254939
219 -0.311901072336
220 0.156430688009
221 27.3412854552
222 7.08639197587e-14
223 -6.09027528274e-13
224 8.22456982214e-13
225 2.28715073801e-13
226 -3.47111572431e-13
227 1.43411755674e-13
228 -1.16788526987e-13
229 2.40361966504e-13
230 2.83702291682e-13
231 -1.06279627986e-12
232 -607.785581974
233 -18.9139446139
234 -46.1441822372
235 151.437319437
236 -49.7118635597
237 -166.629291404
238 -37.3421279831
239 200.06164901
240 -24.2376524885
241 116.155736119
242 -11.9609231615
243 -25.3650085251
244 -5.17220263469
245 21.9115186533
246 -5.16992178973
247 -34.968240476
248 -5.52769368624
249 13.142240434
250 -7.29682494352
251 82.4491913648
252 -6.38211398532
253 -13.5495909962
254 -5.60682069035
255 -15.2865853454
256 -4.86804616782
257 -3.74208140011
258 -3.47153505036
259 4.75628183153
260 -3.85612513028
261 -14.4265105391
262 -3.23670241946
263 21.8110582787
264 -2.8232498214
265 9.41800637258
266 -3.05629332378
267 -32.8558044901
268 -2.62642142713
269 12.1141639295
270 -2.0127824844
271 -1.83402035926
272 -2.50862219136
273 4.32096602311
274 -2.08165817413
275 -20.7384869303
276 -1.37229578223
277 -19.537625904
278 -2.02803701402
279 25.693610191
280 -1.28910933743
281 19.8965174633
282 -0.972269190723
283 9.43923625444
284 -1.35073779586
285 16.690908028
286 -0.745036932227
287 9.38716414853
288 -0.966939624082
289 16.410587708
290 -0.940400645972
291 0.0364877864204
292 -1.01744089802
293 -8.68809036368
294 -0.65116659255
295 7.6209578591
296 -0.843469590214
297 19.0707215955
298 -0.690987560902
299 13.075830957
300 -0.582560328371
301 10.3675221445
302 -0.630927356075
303 9.13504207287
304 -0.686100143576
305 -14.1826974633
306 -0.488667929421
307 -11.955014884
308 -0.631766430267
309 10.9323804946
310 -0.477398388095
311 14.3713084794
312 -0.721435530729
313 10.0474639805
314 -0.222903816545
315 -13.8604919056
316 -0.284443000511
317 -17.5944830416
318 -0.193660971504
319 -3.33766365873
320 -0.404795890036
321 -7.16869412022
322 0.00145239839608
323 -15.2456070368
324 -0.318073293385
325 -12.6627656653
326 -0.143063007418
327 -4.77153942956
328 0.0951414439639
329 5.19897172762
330 0.010457384625
331 -0.957357202421
332 -0.214936090764
333 -14.473534513
334 0.0
335 0.0
336 38.5151638517
337 -19.257583131
338 9.62879133661
339 25.8533621787
