# Date  2016-03-01
# Number of columns =  34
# Number of rows    =  14114
# RMS force error =  13.9117099488
# max variable =  160.917712383
npair 3
 2.00000  6.00000  2.40000 10
 0.80000  6.00000  1.00000 10
 1.00000  6.00000  1.30000 10
5
  5.0000000000000e+01
  1.0165000000000e+00
 -6.5700000000000e-02
  5.0451000000000e+00
 -3.6141000000000e+00
0 2.88173391666
1 49.8000616923
2 -19.7924657179
3 31.9887490159
4 -30.3301420153
5 17.8314188905
6 -12.0114696568
7 5.32496031217
8 -2.36779677627
9 0.837983819024
10 -6.98314514373
11 17.4378302395
12 20.4979741158
13 5.70545727649
14 0.11913817331
15 2.56063457689
16 -2.07173454416
17 -0.352010638032
18 1.12148585777
19 -0.262733285848
20 7.82261660841
21 9.17596280972
22 3.94400264608
23 2.8180850394
24 0.359840625525
25 0.195115409196
26 1.03468301452
27 0.52780637101
28 0.831415171223
29 -0.213737533265
30 160.917712383
31 -80.4588605885
32 40.2294324486
33 26.1236232415
