0.75
6
12
0 -197171.500739
1 -610326.434417
2 -880069.365526
3 -802090.435119
4 -470017.256815
5 -127977.575589
6 60191.3791328
7 93747.1347312
8 57987.9551634
9 21710.5848995
10 4857.48227216
11 502.510108106
12 1.57461610472
13 21.353705154
14 27.7503288702
15 10.4030798398
16 1.84793493014
17 0.216061967831
18 0.387324189187
19 -3.63393294873
20 1.46581616633
21 -0.520463652454
22 0.199184393513
23 -0.624690768752
24 -12.2646383301
25 -14.3999795719
26 -35.9987647299
27 -34.5912221406
28 -37.8708141406
29 -26.3170864161
30 -20.6772021124
31 -11.6204928694
32 -6.45180338455
33 -1.65630653996
34 0.245857081834
35 0.348671989572
36 145.686967161
37 -72.8434857638
38 36.4217423454
39 25.2329181265
