# Date  2016-06-14
# Number of columns =  34
# Number of rows    =  14114
# RMS force error =  13.9161502676
# max variable =  136.955400283
npair 3
3b_cheby false
pair_type chebyshev
 0.75000  6.00000  1.25000 10
 0.75000  6.00000  1.25000 10
 0.75000  6.00000  1.25000 10
coulomb true
fit_coulomb true
overcoord true
nover 5
  5.0000000000000e+01
  1.0165000000000e+00
 -6.5700000000000e-02
  5.0451000000000e+00
 -3.6141000000000e+00
fit_pover true
least squares parameters
0 62.2118312075
1 -23.0064319877
2 25.6115981525
3 -32.3001922969
4 2.13594798821
5 9.58482168479
6 36.259156255
7 -39.3514902706
8 -47.3118719056
9 -28.7304905567
10 -1.94218125182
11 28.490710697
12 26.7981298576
13 16.461114931
14 1.21081313796
15 4.56871613581
16 0.0147266482222
17 -0.808047108048
18 1.17821172921
19 0.875255025009
20 -10.7273078087
21 -17.4874987319
22 -35.0647688716
23 -36.6020682952
24 -36.9698808083
25 -27.8795218389
26 -20.534033962
27 -13.1578217039
28 -6.8693881773
29 -2.72199950168
30 136.955400283
31 -68.477702629
32 34.2388508942
33 25.2543658956
