# Number of columns =  363
# Number of rows    =  14114
# RMS force error =  6.94439834099
# max variable =  392.430979588
npair 3
3b_cheby true
pair_type chebyshev
 1.93900  4.30000  2.70000 10 6
 0.72000  4.20000  1.00000 10 6
 0.98200  4.10000  1.60000 10 6
coulomb true
fit_coulomb true
overcoord false
fit_pover false
least squares parameters
0 4.56671342596
1 103.899040527
2 -108.480381525
3 94.5534715837
4 -79.0096385285
5 48.7837733175
6 -28.7953692391
7 14.7161565633
8 -6.10971869784
9 2.11123628187
10 -14.5284315668
11 47.3045494575
12 50.5426663549
13 1.32458565934
14 -2.07966450129
15 -6.73203208656
16 5.80974959319
17 -2.70792890662
18 0.312158118183
19 0.0983192556039
20 50.5618057385
21 -28.059391247
22 18.7946059591
23 -36.7374066199
24 -2.2482573609
25 -21.6059746038
26 -0.0262411539391
27 -5.16324435093
28 0.334640403245
29 -0.540400607321
30 -71.6556061139
31 163.844758675
32 254.091501093
33 70.9223099793
34 -65.0947171321
35 -70.2056666293
36 -323.865129361
37 -125.017630361
38 143.550295955
39 -217.680717785
40 -87.2735874305
41 62.9587949258
42 5.91561373806
43 -44.7634802041
44 68.7433255354
45 -7.7306390964
46 45.5183403836
47 35.6265918295
48 -5.05515681446
49 5.30396544117
50 -40.4903639789
51 -169.588180247
52 -64.1262017332
53 61.1786155459
54 -49.1726040336
55 44.051314961
56 -53.3134776393
57 34.0926657688
58 -77.4054696508
59 57.0984910829
60 11.9322254602
61 80.9233116326
62 31.0202334201
63 -30.0488157693
64 148.31357587
65 105.869598969
66 -54.0090203411
67 16.5218938885
68 -33.2269300166
69 -68.0469854723
70 14.5473729102
71 -57.7786274674
72 113.623791568
73 -74.720767031
74 132.246777903
75 -214.990162333
76 -19.4842849365
77 68.3458594775
78 -24.1717142337
79 117.448760777
80 101.469832506
81 -139.550964439
82 -307.28362566
83 -117.624005459
84 198.75897322
85 125.688861749
86 41.8073585072
87 175.74141026
88 56.0417399792
89 39.6847392274
90 -65.5958929063
91 -193.244371376
92 32.2325283117
93 -29.8472036714
94 148.476221841
95 58.4088306482
96 -609.57408397
97 187.020253715
98 92.376733224
99 91.6662044668
100 3.85141274602
101 -174.457785942
102 15.2820713897
103 86.5186115903
104 42.2555187319
105 142.895159989
106 121.326326815
107 2.26718971216
108 -22.5453144301
109 -141.501781208
110 -114.217840773
111 163.233118252
112 211.377005883
113 -143.242869743
114 -115.327903544
115 49.2943261484
116 -202.054472858
117 -113.902625838
118 -229.119189479
119 -98.0249784302
120 -54.8361630189
121 -50.8827815904
122 145.788726838
123 186.80046629
124 -88.8118401674
125 65.2956730051
126 38.9390950019
127 -180.678889219
128 -49.4771162747
129 6.36578303792
130 -58.0265111849
131 132.872594166
132 185.396805496
133 -90.3754376271
134 -84.0311383662
135 4.16975416504
136 258.448177607
137 -161.751622043
138 14.9610938192
139 -216.480934821
140 57.0787059892
141 137.192425782
142 -244.522032282
143 -35.1959738547
144 -18.858957039
145 17.0851773166
146 -147.208399583
147 -84.35200721
148 0.202212815287
149 364.829472353
150 86.3653807029
151 -242.633463741
152 -86.6180242489
153 163.34477586
154 243.849878566
155 49.2731041424
156 -39.5685222624
157 -155.25719762
158 -242.51000792
159 -37.3397770691
160 33.4946432043
161 28.4867341475
162 -28.361775329
163 57.3334674063
164 -109.341562634
165 253.744961447
166 -48.5289520737
167 -57.3424024694
168 -86.8026147772
169 -103.239297815
170 60.8368093032
171 277.338066939
172 89.1503865675
173 -57.4608708673
174 -122.797395021
175 -111.202511448
176 31.9369771569
177 49.8136923903
178 50.8946654279
179 -14.6455158594
180 -46.585182722
181 43.1751515482
182 160.3178809
183 201.880326717
184 -91.4887671117
185 57.9926194558
186 -79.123446307
187 -243.797751872
188 74.5698305421
189 0.123463862842
190 -127.496579253
191 -262.099173031
192 -206.984213843
193 8.68625667666
194 -5.87339971881
195 -87.2889410427
196 -655.724699952
197 310.432546318
198 -212.92784956
199 28.8518577401
200 55.8990871401
201 337.000292625
202 -360.921355166
203 267.893862265
204 -140.75330026
205 -158.94052363
206 89.9190759286
207 -208.934298522
208 136.043664568
209 -58.9751130928
210 56.0112432009
211 218.650110176
212 -123.85104194
213 74.3404478667
214 -1.85955483569
215 -228.236119047
216 -183.637574491
217 30.3193795325
218 -108.121967572
219 30.9343552495
220 97.2408693506
221 26.2926264781
222 -140.722220362
223 -27.0840232245
224 108.553558708
225 -168.945531207
226 -229.055177267
227 264.696090852
228 53.9878139948
229 -434.337140343
230 320.975356517
231 -170.795415504
232 -7.58208892337
233 61.1752146963
234 204.631708677
235 -134.440515346
236 94.1793323415
237 75.6669961991
238 61.2578303607
239 -220.892792945
240 -115.321892528
241 82.8578736752
242 -162.777825463
243 59.1469907487
244 -23.8552289166
245 63.7411137429
246 -131.134996701
247 40.0549013457
248 -113.838950753
249 -66.9012158025
250 83.9265713749
251 140.704796188
252 125.212691765
253 68.6799962609
254 27.5942933176
255 63.7867584383
256 247.713103233
257 187.671244219
258 347.998517542
259 80.4447708132
260 93.4400536161
261 44.8867003016
262 -28.473605742
263 -129.11371756
264 -27.7852944933
265 -8.46222764325
266 -92.2590970806
267 28.2296385416
268 -2.14487066826
269 -57.1967256398
270 -185.992111291
271 100.681332099
272 -122.733458082
273 41.0686034092
274 113.259392339
275 -85.8420322081
276 -95.6730750082
277 327.978686892
278 -264.234380294
279 207.311517546
280 129.296445731
281 44.3844004556
282 -151.756098699
283 392.430979588
284 -224.130253074
285 119.429730094
286 58.3227177773
287 -217.184203696
288 6.97909119409
289 -51.3075995137
290 -67.9933979309
291 -29.4296288097
292 -21.8943862446
293 -27.1770261206
294 -82.2058189637
295 60.2490123046
296 -71.9133021776
297 26.2033319834
298 161.538974446
299 -309.038898792
300 67.9157437138
301 8.75277927834
302 -69.3044588571
303 30.4203950413
304 -73.4899320438
305 -155.210687427
306 -179.839342645
307 -62.6755803969
308 -96.4687317264
309 -50.6775685138
310 -38.8898814579
311 -21.7280251211
312 71.7532522548
313 -110.880668054
314 70.074954593
315 -45.5058716951
316 42.1677050837
317 -24.8695768884
318 -43.6474296894
319 -33.6982368869
320 32.627809562
321 -30.3350478696
322 -60.8098947773
323 52.8839782361
324 78.9845458423
325 8.54019320467
326 15.1012794134
327 -46.9648535489
328 5.22434040652
329 -34.0005983458
330 30.8416916459
331 0.0534747614031
332 50.2876030334
333 -25.5164196631
334 93.509284943
335 -43.2040958442
336 71.1456891368
337 -44.8381397161
338 -82.2536419994
339 25.7956011009
340 23.8858372382
341 -34.4183017278
342 15.5172481853
343 -120.738988994
344 -20.1607037737
345 53.8550574667
346 -82.5603530882
347 7.76648431043
348 63.5571190072
349 84.7113079157
350 -63.1229057219
351 86.5016562709
352 -38.2134496177
353 -40.8623060731
354 21.052359136
355 -23.7399106114
356 35.9600425666
357 26.9266776976
358 85.0494926977
359 15.3466539516
360 147.051628998
361 -73.5258220637
362 36.7629109139
