# Number of columns =  363
# Number of rows    =  14114
# RMS force error =  7.12972554921
# max variable =  716.697833757
npair 3
3b_cheby true
pair_type chebyshev
 0.75000  4.00000  1.25000 10 6
 0.75000  4.00000  1.25000 10 6
 0.75000  4.00000  1.25000 10 6
coulomb true
fit_coulomb true
overcoord false
fit_pover false
least squares parameters
0 62.5820496356
1 -202.198765802
2 97.5801256253
3 73.6916097358
4 -12.1779130785
5 -126.735143422
6 14.5816498153
7 124.868660769
8 102.793382445
9 34.2583217508
10 -58.1293316969
11 49.6892245508
12 45.3165958541
13 13.411446779
14 -2.58257063569
15 -5.17713368858
16 3.74214808718
17 -1.51636282631
18 0.25146533173
19 -0.328515226683
20 10.0509861509
21 -32.9119844201
22 -9.07923183757
23 -5.62274959528
24 51.1025798871
25 51.4786694388
26 56.6516736908
27 25.3207431575
28 12.2522152206
29 1.45930152549
30 -126.739674974
31 -223.197683048
32 504.822196012
33 -329.610975173
34 -147.008009888
35 -69.1314133122
36 377.454857261
37 -293.801674462
38 -29.9155500293
39 -464.114892024
40 660.698890935
41 177.902589794
42 -214.457942084
43 -196.58634572
44 42.3246765087
45 21.6365990548
46 62.4019690076
47 -135.216669207
48 83.8632052277
49 46.7897271546
50 41.663715847
51 -218.424276491
52 164.99831273
53 26.022304131
54 258.09056037
55 -353.632954909
56 -122.281936508
57 108.212725197
58 127.104780832
59 -21.9882809101
60 5.96988605349
61 -60.8365602577
62 54.0198215616
63 -6.71214732183
64 176.54091923
65 -286.800620465
66 -7.52264637567
67 109.657206715
68 30.1149551779
69 -20.9723182879
70 -151.832930617
71 338.416284578
72 63.2627858392
73 -231.792232405
74 -160.874764213
75 48.2593990877
76 46.4762878055
77 87.2844403853
78 -34.6688313449
79 -3.47120908556
80 79.7181591822
81 -267.499768999
82 -122.64232579
83 41.5136439619
84 -199.004506608
85 -12.9179339237
86 -27.6738417094
87 207.760745578
88 225.549670484
89 261.080320172
90 -34.5978460873
91 8.90875231445
92 -188.082805916
93 -39.1022041921
94 20.3598251885
95 -205.657676717
96 269.783169596
97 81.3967441788
98 -56.250870996
99 -313.288840228
100 -48.3772555809
101 132.127662314
102 68.2716431729
103 -47.0084180649
104 98.4053775936
105 32.8519440912
106 64.5466673403
107 -118.550086646
108 -139.543097157
109 -139.431712795
110 -15.4773647002
111 5.37011670429
112 128.293551393
113 62.9701707934
114 -22.1622308456
115 -175.122733521
116 338.681999369
117 9.00524637668
118 94.3331830789
119 -187.538957539
120 3.35853298616
121 143.359520587
122 -8.01971731093
123 58.7338394224
124 71.9857431133
125 -55.5040219693
126 -65.7057853796
127 -8.968066416
128 -74.8383166016
129 -82.0810725917
130 71.1609693485
131 9.40764636552
132 -90.6228237896
133 -113.882081104
134 36.1178868131
135 389.803515814
136 -627.274690986
137 91.3972566025
138 -112.51719306
139 399.42948706
140 -14.6865371208
141 -302.537479847
142 77.8911221587
143 -43.1773244761
144 -92.2172826102
145 33.4659123849
146 -76.7485848937
147 -27.3076909875
148 270.188981255
149 149.542594097
150 -23.8278680306
151 -104.175238937
152 217.457943112
153 143.667486273
154 -69.7936294872
155 -269.306629182
156 364.902268959
157 -161.83882865
158 36.2188564581
159 -206.854500555
160 50.8810090469
161 213.713753437
162 -177.76617169
163 -54.4683093252
164 -45.7415957698
165 7.60055137976
166 182.558716674
167 147.238138625
168 -241.710819393
169 -15.4149769905
170 -22.4037534463
171 156.556464958
172 -263.69370302
173 -102.483055209
174 96.2167735738
175 -39.0238363909
176 154.696598389
177 -186.801673925
178 164.627175747
179 -21.6268269423
180 3.76218680547
181 36.2060117438
182 28.0353105352
183 215.77655999
184 105.256951391
185 -17.3029800238
186 21.2886879068
187 -33.1251657659
188 -69.9395252242
189 -93.8877546508
190 -102.587609313
191 27.1416729709
192 -184.061079512
193 -42.1981729303
194 -50.6738433113
195 -199.631721995
196 -243.517386863
197 485.937241096
198 -196.51203159
199 306.411303753
200 338.816181474
201 -140.46372854
202 -184.184249115
203 -202.255254289
204 -256.931559446
205 261.429640705
206 -209.99448869
207 -52.959034804
208 -248.835649762
209 -137.234954972
210 -177.468049721
211 92.5581955034
212 -413.665028984
213 18.530340243
214 -114.379191235
215 -315.066261394
216 -109.269026917
217 -230.752858209
218 -86.9913689154
219 -81.1190891205
220 578.492332777
221 -115.873366768
222 78.5216885155
223 254.267533154
224 -255.482385261
225 43.7828994414
226 -236.717512866
227 220.899181222
228 -261.560060108
229 -152.752692422
230 34.9851353143
231 -50.5637332237
232 -809.56126282
233 109.286009328
234 -855.079398202
235 -171.283949881
236 50.4605091053
237 -17.8442408024
238 -189.280577228
239 -535.652964783
240 -44.95631935
241 -121.022280673
242 229.965085168
243 -83.1265442374
244 216.604420841
245 -232.430772699
246 226.778280917
247 -191.893799102
248 -26.7183216626
249 -0.990956382654
250 24.222141023
251 -45.9380173209
252 59.192356626
253 -10.6934827281
254 -125.704269792
255 -204.193207083
256 601.951868626
257 -70.8692344716
258 489.20885205
259 -539.546029322
260 -80.7756209738
261 -266.062760103
262 180.114604886
263 -221.329021761
264 470.985974102
265 -132.072215444
266 180.148385963
267 39.1289562086
268 -23.0661100724
269 242.368401221
270 -234.884902843
271 -83.2209725258
272 -175.583354105
273 -88.7099162424
274 425.165044418
275 223.424143139
276 716.697833757
277 -358.301621652
278 359.845633443
279 -150.720082908
280 194.752156664
281 611.142767644
282 192.318238069
283 441.789707991
284 -0.591542316929
285 73.1227427896
286 -110.809099864
287 173.661965023
288 -216.258848149
289 -87.3305961464
290 -131.00877939
291 -33.3478359924
292 -247.972973301
293 408.947577065
294 -196.435009064
295 482.384405655
296 32.7438608898
297 288.631069233
298 58.4239657491
299 134.836826043
300 49.9141865737
301 -24.5347346301
302 -9.37435424263
303 -79.377109339
304 -49.9114689108
305 319.384198589
306 -187.804420361
307 125.932008448
308 -140.195116116
309 50.7526311123
310 -36.1291735855
311 67.9776140386
312 71.6495023406
313 -79.7934187461
314 -17.1265281965
315 -14.6630984754
316 -13.6138905152
317 -98.5202992607
318 16.4891959523
319 21.512130321
320 -15.8401843344
321 -88.3066257761
322 96.9677659188
323 -36.9233105149
324 28.0377242291
325 4.98575977818
326 17.647161393
327 -27.9276151437
328 -1.9783080601
329 19.540335364
330 -33.9017749654
331 -15.8299473929
332 47.595617042
333 30.2280935009
334 28.7363625462
335 -30.4139189607
336 8.7067878042
337 -31.1770540681
338 -4.09909199541
339 -27.0518498052
340 74.180775668
341 -48.1653791657
342 -129.102412738
343 109.21554354
344 -24.2675064698
345 119.829217413
346 -99.2908500527
347 67.7572690455
348 -19.9938029794
349 120.97774594
350 -0.513347684062
351 56.1169819219
352 -31.9303837354
353 -23.0236399123
354 -11.8811125914
355 0.752438143299
356 -52.8404378719
357 -130.699418125
358 85.7514045079
359 -1.81262055617
360 148.891310862
361 -74.4456709517
362 37.2228343638
