# Number of columns =  225
# Number of rows    =  14114
# RMS force error =  7.34112793014
# max variable =  1145.19552259
npair 3
3b_cheby true
pair_type chebyshev
 1.95000  4.00000  1.25000 10 5
 0.75000  4.00000  1.25000 10 5
 0.90000  4.00000  1.25000 10 5
coulomb true
fit_coulomb true
overcoord false
fit_pover false
least squares parameters
0 149.871634888
1 27.6709302045
2 -19.5844795252
3 74.903817386
4 -33.1237950167
5 62.6491557323
6 -12.4715420252
7 32.6834512864
8 -2.48164266718
9 8.62446222841
10 -26.1595984331
11 27.9480380476
12 52.7433533991
13 7.31025126378
14 6.55073731067
15 -10.4232394613
16 5.2172676746
17 -1.9227281774
18 0.66042510698
19 -0.674262326081
20 29.5240904853
21 -46.040916892
22 -38.0720477062
23 -83.0846403054
24 -47.3731340343
25 -54.0050650353
26 -21.1475896922
27 -18.1929643974
28 -4.25220555189
29 -3.21901537424
30 7.41094770746
31 91.9633638296
32 -16.8089833629
33 -155.901938401
34 -249.073072165
35 -273.558536692
36 561.623616129
37 -2.74091558425
38 401.918469646
39 -233.956728365
40 1.81973250024
41 0.0892719582546
42 -10.7160128452
43 -14.6432365675
44 -56.1797991951
45 -13.8219695452
46 139.791303077
47 20.3595756704
48 71.6340742346
49 -47.4191886339
50 86.6197292498
51 157.546209836
52 -267.693328105
53 33.2945727075
54 -364.298359443
55 228.931135763
56 -12.5326643367
57 -89.2385276648
58 129.551991551
59 -70.1897999813
60 213.364837489
61 -311.155455498
62 -234.779556938
63 -174.682668006
64 89.7997379969
65 73.6580550215
66 69.049072039
67 -327.62382263
68 -33.4819821786
69 -48.6760269139
70 459.203346291
71 -597.382850794
72 -688.276913005
73 -141.087267009
74 57.517294326
75 -213.405011622
76 -101.99139302
77 -228.798033661
78 25.9686575091
79 299.217961329
80 83.6626806475
81 54.8771780141
82 -109.741256274
83 233.156654475
84 -211.792499949
85 254.428822449
86 -169.60447123
87 -284.911421391
88 -80.7836658583
89 98.2169649036
90 -25.1343232102
91 -37.4015513998
92 36.9621390312
93 360.776252328
94 -13.8899756912
95 251.991341642
96 -12.9406571919
97 149.545082617
98 -400.076879548
99 496.990485992
100 -18.7377905283
101 71.0835074238
102 -46.4788094702
103 127.915657349
104 130.111910101
105 535.538418415
106 275.552627604
107 167.728598335
108 -151.564291484
109 -420.248445703
110 53.8759159127
111 -378.33582264
112 53.6489406005
113 -73.0618140848
114 -159.858986344
115 -337.082566453
116 -54.941823622
117 -149.461452069
118 -19.0448445246
119 254.952854529
120 280.919314018
121 195.368404024
122 -261.176774818
123 225.943985358
124 218.578239922
125 -77.5129335245
126 -580.993019824
127 -253.481471123
128 -12.7802393205
129 -231.245929665
130 1014.52802032
131 -199.369303103
132 180.929292893
133 -103.341029828
134 932.216613002
135 69.7527931893
136 441.02166576
137 -54.8309497585
138 580.504033163
139 52.364924633
140 49.1340080102
141 10.2581107318
142 273.912266482
143 -26.8663580131
144 85.411495352
145 192.05182942
146 217.143239355
147 -581.310530122
148 631.380932933
149 -296.014066627
150 447.30697976
151 88.301307371
152 -744.266006598
153 608.836637615
154 -776.490590723
155 -13.5272266765
156 252.750820547
157 -447.395687184
158 92.7781884916
159 -348.467880073
160 26.1023517401
161 28.0426746283
162 155.782833462
163 75.9931744229
164 -380.446296337
165 -354.001287516
166 -326.626613604
167 579.506919895
168 -339.814777288
169 1013.45734122
170 2.37125305182
171 189.837099875
172 602.920255858
173 -416.015247933
174 662.223593487
175 -299.436905798
176 59.9856177198
177 799.591375374
178 -229.489632904
179 1145.19552259
180 -223.631145628
181 584.393310123
182 308.814191346
183 -897.597212159
184 448.041913962
185 -265.681866452
186 48.5157415897
187 437.537387498
188 -448.116425569
189 475.390847172
190 -141.789084743
191 43.001993492
192 -4.43923947021
193 148.171884095
194 57.0594271921
195 63.1634441161
196 64.7399054108
197 116.620345484
198 -137.553844047
199 1.10069240875
200 -44.6804177135
201 74.0948843211
202 37.4591683093
203 -24.8512020508
204 -159.912771165
205 52.6247302148
206 -100.165572782
207 34.3501525305
208 20.5490067469
209 75.7203210903
210 -113.998391204
211 12.7498739547
212 142.776043673
213 25.1180263478
214 -343.391349952
215 12.0305402283
216 -54.9709054735
217 74.2777216596
218 202.37478921
219 -99.8445450534
220 12.8728889269
221 264.531483962
222 140.184236184
223 -70.0921328793
224 35.0460674272
