# Date  2016-02-26
# Number of columns =  24
# Number of rows    =  18144
# RMS force error =  0.00607699897942
# max variable =  0.170534546282
npair 3
 0.00000  3.00000  0.05000
 0.00000  3.00000  0.05000
 0.00000  3.00000  0.05000
0
0 0.0021085258507
1 0.0139203222327
2 -0.0747150874599
3 0.170534546282
4 -0.203401591771
5 0.131024092415
6 -0.0432431069976
7 0.00572174978717
8 -0.00327435537617
9 0.0202617110614
10 -0.0376155582911
11 0.0346129236491
12 -0.0177036398011
13 0.00512805884914
14 -0.000794765477597
15 5.18588000649e-05
16 0.00185741022096
17 -0.00519402510825
18 0.00866170073989
19 -0.00877461027796
20 0.00548344142042
21 -0.00199240108031
22 0.000378216961083
23 -2.87472941318e-05
