# Date  2016-06-14
# Number of columns =  113
# Number of rows    =  14114
# RMS force error =  11.2711950279
# max variable =  2004.05196449
npair 3
3b_cheby true
pair_type chebyshev
 0.75000  6.00000  1.25000 10 2
 0.75000  6.00000  1.25000 10 2
 0.75000  6.00000  1.25000 10 2
coulomb true
fit_coulomb true
overcoord false
fit_pover false
least squares parameters
0 31.9413256693
1 10.1045467273
2 8.10082050619
3 -11.3084576295
4 -29.8842399742
5 14.670116164
6 38.3532211411
7 2.54655399857
8 -8.89147730595
9 -9.52990048941
10 1.07925610349
11 27.6926348062
12 25.026121491
13 18.7299668233
14 -0.304126651941
15 4.62567295228
16 -2.80038314608
17 1.51716921901
18 0.0908546565597
19 0.605138144919
20 -6.93378554266
21 -18.3081769421
22 -45.419374383
23 -52.2430187574
24 -43.0034708449
25 -34.2318164391
26 -25.0036208431
27 -16.8098408823
28 -8.62529219392
29 -3.02469255349
30 71.0374021872
31 326.807485578
32 297.045214449
33 1291.52795983
34 73.0499005147
35 521.961772328
36 474.150754251
37 2004.05196449
38 -9.59453630498e-13
39 -1.3759479694e-12
40 4.86437556434e-13
41 -2.26365882913e-13
42 3.00286588413e-13
43 -8.79237730251e-13
44 -8.78067647184e-13
45 -6.92713842612e-13
46 0.460236626401
47 -62.2304487059
48 35.2709737778
49 -64.3044442088
50 32.8500528772
51 -74.5439465842
52 31.015660355
53 -253.236655636
54 1.8138033925e-14
55 -2.91680619506e-30
56 0.0
57 0.0
58 0.0
59 0.0
60 0.0
61 0.0
62 46.3233207144
63 22.3027107138
64 19.0896273877
65 34.2095342674
66 14.4698628258
67 43.6559777814
68 34.7658071336
69 298.573755221
70 0.0
71 0.0
72 0.0
73 0.0
74 0.0
75 0.0
76 0.0
77 0.0
78 0.0
79 0.0
80 0.0
81 0.0
82 0.0
83 0.0
84 0.0
85 0.0
86 0.0
87 0.0
88 0.0
89 0.0
90 0.0
91 0.0
92 0.0
93 0.0
94 0.0
95 0.0
96 0.0
97 0.0
98 0.0
99 0.0
100 0.0
101 0.0
102 0.0
103 0.0
104 0.0
105 0.0
106 0.0
107 0.0
108 0.0
109 0.0
110 146.1998811
111 -73.0999446231
112 36.5499720573
