RMS force error =  13.6669605789
max x =  2698.49474466
0.75
6
0.1
5
50
1.0165
-0.0657
5.0451
-3.6141
0 1.69819046561e-08
1 9.58347413457e-08
2 5.29512686525e-07
3 2.38748871405e-07
4 -1.13290434181e-07
5 -3.35548949609e-07
6 1.51285409641e-07
7 2.71705171855e-08
8 -1.70718034723e-07
9 4.42409487418e-08
10 8.65924020654e-07
11 -1.66890692795e-07
12 6.06480611621e-07
13 4.39997409648e-07
14 2.47485484324e-07
15 -3.04674582546e-08
16 2.87942775399e-07
17 -4.07508550391e-07
18 -7.46885164775e-07
19 1.38862711737e-07
20 4.31076649409e-07
21 -1.6554494333e-07
22 4.33551949352e-07
23 -5.2657584145e-07
24 -55455.779707
25 -1772.89259423
26 1423.1140201
27 -59233.9154234
28 -42.596552682
29 -1964.93222031
30 -62.5344579399
31 382.963527428
32 -44.0482108569
33 187.169020503
34 -32.7044311673
35 149.80230272
36 -23.0086257218
37 110.033659223
38 -15.7758315599
39 17.9033297976
40 -11.483655934
41 45.1706796258
42 -7.78544889893
43 -51.4497650198
44 -5.77265990574
45 -39.9548828852
46 -4.1265470754
47 16.6186510711
48 -3.513965992
49 -2.56302300499
50 -3.31282846443
51 16.1452339791
52 -2.60316165737
53 -26.6512111618
54 -2.68141166656
55 2.07596196392
56 -3.48991570708
57 -47.6698291566
58 -2.8417959186
59 -33.4585957678
60 -1.11112822986
61 6.5937964938
62 -2.58209965252
63 66.3288137078
64 -3.23355803595
65 -28.2745792159
66 -2.02837557769
67 -26.698260149
68 -3.35490365726
69 82.127557304
70 -3.53880042927
71 18.0660086544
72 -1.33527788255
73 3.54732028777
74 -1.63349765141
75 -53.0568787416
76 -0.71175642979
77 -106.799215718
78 -0.0521895823255
79 -28.6525722315
80 -1.24442553549
81 -9.64772774674
82 -0.724252561616
83 32.4004834618
84 -0.121133869869
85 14.2616271554
86 -0.536790180103
87 63.5773185121
88 -0.308514285363
89 0.159048761054
90 0.289398876936
91 -8.22409122376
92 -0.25001650965
93 35.3521910415
94 0.931954212029
95 12.1387132615
96 -0.777959729911
97 -14.2975250301
98 -0.20754093871
99 -28.001032174
100 0.421424571651
101 9.40588497346
102 -0.481192980333
103 38.2973921627
104 -0.950782443573
105 -37.3217708135
106 -73.9155218154
107 -2973.45485372
108 -119.865298717
109 -13061.1828926
110 -232.432157822
111 2461.95857712
112 -45.0097394043
113 1324.15259225
114 47.9192229791
115 636.457036531
116 83.4473301013
117 293.111141422
118 70.3920970227
119 -49.4099241391
120 54.2897431288
121 104.197997997
122 47.1759683537
123 -56.3621876547
124 44.8790379423
125 -72.019132706
126 43.8088857114
127 -35.2381230264
128 37.2338284999
129 10.0548981439
130 31.4845755414
131 -19.6054081649
132 25.1533575282
133 -103.810877402
134 18.4606753973
135 -129.621920414
136 13.1865168037
137 -37.7284639343
138 7.93791513167
139 6.74179949966
140 4.46380808758
141 -41.7303844244
142 2.98681285929
143 -32.8685661943
144 2.15399655185
145 20.2068270425
146 2.32069368269
147 58.1494002155
148 1.29495987325
149 48.3426608018
150 1.82310690904
151 -4.38766959761
152 2.10776384673
153 5.30585488835
154 2.03826418244
155 -14.6716361966
156 2.70869244005
157 -0.987160637599
158 2.60499087711
159 14.2592883621
160 2.76998258376
161 -1.03446885036
162 2.91428545306
163 -33.796376568
164 2.84872436799
165 8.7325590783
166 2.49256166569
167 -34.3334046041
168 1.92660570272
169 -9.50711754363
170 2.10490292507
171 -31.7295656622
172 1.7309206613
173 4.03379953131
174 1.6650855853
175 13.1896583742
176 1.29349120597
177 15.3452093235
178 0.77927577233
179 4.60400789616
180 1.02602579201
181 1.9969609171
182 0.733980000437
183 15.2642449176
184 0.559016296848
185 -1.21955955956
186 0.467250292154
187 -32.7277404999
188 0.403363939072
189 -13.2122413631
190 0.648180384918
191 -2.63534785322
192 0.423508898168
193 5.66131274092
194 0.227370754713
195 -17.6757015859
196 0.358358995581
197 -11.8109801432
198 0.251415383883
199 -0.814988983195
200 0.285609754604
201 3.16194452096
202 -0.0309856182219
203 3.70006293688
204 0.195453328515
205 9.70134087459
206 0.170897204645
207 22.0869379597
208 0.0681614275594
209 15.7249656598
210 -0.192743318173
211 7.28679863507
212 -0.284537105268
213 -9.13118031751
214 1.04322152298
215 12.6539811132
216 2.41110388757e-09
217 -8.5737293993e-09
218 6.4342894558e-09
219 -2.69133598514e-09
220 -2.19631316518e-09
221 4.28121710594e-10
222 -175.286292909
223 2698.49474466
224 -27.046261664
225 -1080.398493
226 -44.4510057489
227 45.1327194034
228 -27.4780422707
229 62.3820292828
230 -14.5000600486
231 193.85805421
232 -7.81797682651
233 142.838830672
234 -3.28274313803
235 12.45874928
236 -4.95100121125
237 0.72953652263
238 -6.39824564582
239 -83.1049391177
240 -4.73487031274
241 -23.5245662947
242 -5.26188666654
243 16.9919949067
244 -4.700963381
245 7.32144456137
246 -3.55827595372
247 22.7444666008
248 -2.85318141805
249 3.37672538684
250 -3.53140643844
251 16.051788362
252 -2.41138229298
253 -0.0947398092862
254 -2.00988408383
255 11.8424431914
256 -3.03613079752
257 21.2403713955
258 -1.8462043332
259 6.89957182435
260 -2.04046405853
261 -15.494560685
262 -1.67862130469
263 11.0492669766
264 -1.47595754241
265 28.7791215638
266 -2.00584075845
267 -14.3745690228
268 -1.394049123
269 -6.66233476232
270 -0.784845272026
271 -8.4031467047
272 -1.06699118034
273 -17.7971865538
274 -0.831892866772
275 -0.450437997858
276 -0.833627477953
277 -21.5098429426
278 -0.559424915795
279 -10.6268397577
280 -0.748203356506
281 4.25576914774
282 -0.92519434463
283 8.53527494728
284 -0.794461018855
285 -15.589649447
286 -0.588876529556
287 -10.4064056523
288 -0.523979608086
289 -9.33656559297
290 -0.513781736361
291 -10.6247413983
292 -0.316553866866
293 -0.0322773370108
294 -0.575081794131
295 12.3754495886
296 -0.795102664576
297 -5.29453721373
298 -0.552287883868
299 -10.1080248247
300 -0.497596296689
301 -18.9928513474
302 -0.104844029468
303 11.9559160217
304 -0.184522815663
305 15.3164778193
306 -0.403472317412
307 11.896856806
308 -0.225022509932
309 0.624704168991
310 -0.0554757080155
311 18.7171639754
312 -0.169074168836
313 9.51398556742
314 -0.32437126983
315 15.5827826379
316 -0.153017152382
317 8.01195344384
318 0.127228385212
319 -2.27608758238
320 0.0717893717067
321 1.28436180239
322 1.11567007424
323 58.2210094968
324 52.4043924556
325 -26.2021976291
326 13.1010985254
327 25.7317776846
